subject,condition,walking_speed,stride_length,cadence,hip_rom,knee_rom,ankle_rom,emg_quad,emg_hamstring,emg_ta,emg_gastro
1,forward_walking,1.26,1.24,115.3,46.4,52.3,17.4,0.67,0.8,0.76,1.0
1,reverse_walking,0.81,0.99,105.8,41.0,52.7,17.7,0.76,0.66,0.7,0.85
1,reverse_while_using_phone,0.76,0.64,87.3,43.1,56.8,23.1,0.72,0.66,0.76,0.77
2,forward_walking,1.33,1.04,108.7,51.3,64.5,23.3,0.76,0.49,0.79,0.9
2,reverse_walking,0.84,0.87,95.4,50.7,53.9,22.0,0.76,0.66,0.74,0.81
2,reverse_while_using_phone,0.89,0.83,98.9,50.5,59.0,24.3,0.68,0.53,0.57,0.86
3,forward_walking,1.27,1.07,116.3,43.0,54.2,20.9,0.7,0.77,0.58,1.1
3,reverse_walking,1.03,0.8,95.1,49.4,60.6,22.6,0.92,0.48,0.68,0.79
3,reverse_while_using_phone,0.85,0.79,88.0,38.9,54.7,18.9,0.91,0.71,0.86,0.92
4,forward_walking,1.19,1.18,115.6,45.9,61.6,20.4,0.83,0.62,0.56,0.79
4,reverse_walking,0.81,0.91,99.1,45.1,63.6,18.2,0.79,0.75,0.63,0.78
4,reverse_while_using_phone,0.65,0.65,98.7,49.3,59.5,23.8,0.93,0.52,0.86,0.94
5,forward_walking,1.39,1.22,111.2,39.5,53.4,19.8,0.94,0.79,0.55,0.93
5,reverse_walking,0.93,0.81,96.6,42.7,64.1,18.9,0.83,0.73,0.68,1.09
5,reverse_while_using_phone,0.89,0.68,91.0,42.2,54.3,16.3,0.86,0.65,0.57,0.85
6,forward_walking,1.42,1.06,109.4,44.9,64.8,18.2,0.89,0.75,0.63,1.0
6,reverse_walking,0.91,0.91,103.2,45.5,51.4,23.5,0.76,0.52,0.56,0.96
6,reverse_while_using_phone,0.79,0.6,91.2,41.2,59.7,17.6,0.89,0.6,0.88,0.8
7,forward_walking,1.25,1.03,117.2,50.3,53.9,21.9,0.94,0.67,0.74,0.83
7,reverse_walking,0.83,0.97,106.7,46.9,55.1,19.1,0.9,0.81,0.86,1.02
7,reverse_while_using_phone,0.77,0.63,84.9,50.6,59.1,16.1,0.69,0.72,0.55,0.81
8,forward_walking,1.31,1.17,114.5,41.1,60.7,18.1,0.76,0.75,0.78,1.05
8,reverse_walking,1.0,0.89,96.2,43.1,54.0,18.2,0.99,0.61,0.86,0.97
8,reverse_while_using_phone,0.83,0.75,92.4,44.9,52.9,22.5,0.75,0.46,0.78,0.81
9,forward_walking,1.43,1.24,117.1,43.2,50.2,24.4,0.8,0.84,0.89,1.05
9,reverse_walking,0.89,0.85,106.1,42.4,52.5,21.0,0.98,0.73,0.75,0.78
9,reverse_while_using_phone,0.77,0.9,84.5,45.3,63.2,22.7,0.89,0.73,0.68,0.85
10,forward_walking,1.39,1.2,116.7,50.8,57.7,20.5,0.93,0.71,0.8,1.03
10,reverse_walking,1.07,0.83,99.9,39.3,58.7,16.3,0.81,0.67,0.65,0.96
10,reverse_while_using_phone,0.56,0.61,96.8,43.0,51.9,20.7,0.92,0.54,0.77,0.78
11,forward_walking,1.17,1.13,113.4,46.9,60.9,24.8,0.83,0.58,0.83,0.84
11,reverse_walking,0.93,0.77,95.3,51.5,62.5,22.3,0.79,0.52,0.6,0.84
11,reverse_while_using_phone,0.74,0.81,93.9,41.9,64.3,22.6,0.84,0.69,0.7,0.84
12,forward_walking,1.26,1.19,108.1,39.6,50.7,16.4,0.95,0.73,0.72,0.78
12,reverse_walking,0.95,0.87,97.3,44.1,56.0,21.5,0.87,0.47,0.68,0.97
12,reverse_while_using_phone,0.73,0.86,93.9,40.3,51.1,21.8,0.66,0.68,0.88,0.95
13,forward_walking,1.27,1.16,112.6,45.6,64.1,19.5,0.99,0.81,0.62,0.77
13,reverse_walking,0.83,0.75,96.2,47.6,51.1,18.9,0.95,0.46,0.84,0.85
13,reverse_while_using_phone,0.59,0.81,93.3,50.3,61.0,23.2,0.75,0.52,0.81,1.03
14,forward_walking,1.45,1.1,111.7,48.9,55.1,24.4,0.95,0.62,0.81,1.01
14,reverse_walking,0.83,0.98,101.6,49.6,54.8,24.1,0.79,0.45,0.87,0.78
14,reverse_while_using_phone,0.66,0.89,99.1,46.0,59.5,20.0,0.75,0.58,0.79,1.01
15,forward_walking,1.39,1.2,108.9,44.9,50.9,20.9,0.8,0.81,0.67,0.79
15,reverse_walking,0.84,0.94,103.0,39.4,51.3,22.3,0.68,0.78,0.8,0.78
15,reverse_while_using_phone,0.58,0.9,88.7,43.2,62.2,24.5,1.0,0.75,0.68,0.78
